850 59.74726105 25.8595314
800 61.51710129 24.27467918
750 63.65943146 22.55043602
700 65.77318573 20.92863083
680 66.8664093 20.32662582
660 67.70531464 19.57402611
640 68.59916687 18.89432716
620 69.59067535 18.16051674
600 70.4654541 17.46430016
580 71.29867554 16.70971107
570 71.70706177 16.38852882
560 72.18197632 16.0332489
550 72.59887695 15.86027431
540 72.93508911 15.38314629
530 73.20310974 15.17058563
520 73.5878067 14.92653084
510 73.93760681 14.62070751
500 73.99160004 14.31606579
490 74.27758789 14.01350975
480 74.33135223 13.83261871
470 74.41080475 13.52209759
460 74.56963348 13.45664597
450 74.62340546 13.16893578
440 74.77096558 13.09801483
430 74.60583496 12.79918289
420 74.6049881 12.92656708
410 74.93777466 12.533638
400 74.7245636 12.260952
390 74.32915497 12.60537052
380 74.4102478 12.87131882
370 72.4670105 12.28888988
360 70.56319427 13.10778713
