850 61.06046295 14.89404869
800 60.6156044 14.99489212
750 60.73490524 14.61238289
700 59.91473389 14.77656364
680 59.49254608 14.85635662
660 58.82431412 15.10039425
640 57.98599243 15.25702763
620 57.16596985 15.63377094
600 56.31825256 15.99383926
580 55.49180984 16.39281464
570 55.28044128 16.5371685
560 54.96211243 16.81956673
550 54.8449173 17.01865959
540 54.78484726 17.17747498
530 54.90166473 17.35094643
520 55.18301773 17.34423447
510 55.74541092 17.43327332
500 56.39233398 17.36928177
490 57.28038025 17.21659088
480 58.51418304 16.95191574
470 59.91079712 16.62253952
460 61.56256104 16.33864403
450 63.40594482 15.9550457
440 65.23142242 15.35507011
430 67.23448944 14.87667847
420 69.22120667 14.29239655
410 71.02731323 13.54253864
400 72.81808472 13.12146473
390 73.33844757 12.69115067
380 74.01976776 12.52411938
370 71.90555573 12.24827957
360 72.09465027 12.05972481
